   9354  1  174  619534.8 1252220.7 1830457.9 9999 99.9 9999 99.9 9999 99.9
   9354  2  174  019211.1  720532.8 1359191.0 1944426.8 9999 99.9 9999 99.9
   9354  3  174  132244.9  818549.5 15 7176.8 2123447.0 9999 99.9 9999 99.9
   9354  4  174  248269.2  919580.8 1613140.0 2244482.7 9999 99.9 9999 99.9
   9354  5  174  357264.9 1015616.5 1710 93.2 2335518.5 9999 99.9 9999 99.9
   9354  6  174  5 1249.0 1111657.0 18 3 44.9 9999 99.9 9999 99.9 9999 99.9
   9354  7  174  029557.3  557216.9 12 6680.3 1851  9.3 9999 99.9 9999 99.9
   9354  8  174  118595.9  651191.2 1256704.2 1941-17.1 9999 99.9 9999 99.9
   9354  9  174  2 4624.1  742159.7 1349712.3 2023-21.8 9999 99.9 9999 99.9
   9354 10  174  246648.7  833138.5 1440696.4 21 8 -8.8 9999 99.9 9999 99.9
   9354 11  174  328662.5  918143.1 1531677.9 2148 54.6 9999 99.9 9999 99.9
   9354 12  174  411685.2 1012167.8 1617646.3 2226105.7 9999 99.9 9999 99.9
   9354 13  174  453674.4 1112190.1 17 8585.6 2312153.0 9999 99.9 9999 99.9
   9354 14  174  542645.0 12 3220.9 18 5551.1 2357236.9 9999 99.9 9999 99.9
   9354 15  174  631638.4 1314243.7 19 9516.4 9999 99.9 9999 99.9 9999 99.9
   9354 16  174  054288.8  736603.1 1438251.2 2036492.7 9999 99.9 9999 99.9
   9354 17  174  210329.7  850601.6 1554235.8 2225514.0 9999 99.9 9999 99.9
   9354 18  174  337366.4  947648.7 17 7229.8 2313539.2 9999 99.9 9999 99.9
   9354 19  174  438335.0 1038603.6 1744171.2 9999 99.9 9999 99.9 9999 99.9
   9354 20  174  0 8533.3  527292.7 1130615.4 1816144.2 9999 99.9 9999 99.9
   9354 21  174  049565.8  612280.1 12 7623.3 1855108.8 9999 99.9 9999 99.9
   9354 22  174  124574.9  651264.4 1240637.9 1929 94.2 9999 99.9 9999 99.9
   9354 23  174  150577.7  724236.4 1320644.0 1956 90.8 9999 99.9 9999 99.9
   9354 24  174  214597.6  754219.7 1353650.4 2021101.4 9999 99.9 9999 99.9
   9354 25  174  243605.3  832207.1 1424627.7 2051 99.4 9999 99.9 9999 99.9
   9354 26  174  315602.8  9 2193.0 15 2614.0 2115118.8 9999 99.9 9999 99.9
   9354 27  174  339616.5  943197.8 1538585.6 2150146.2 9999 99.9 9999 99.9
   9354 28  174  4 8611.4 1015202.3 1621556.8 2219178.4 9999 99.9 9999 99.9
   9354 29  174  445606.6 11 7206.7 17 0519.0 2255207.8 9999 99.9 9999 99.9
   9354 30  174  526579.2 12 4203.9 1759484.0 2337256.4 9999 99.9 9999 99.9
   9354 31  174  627598.4 1311236.4 19 7478.2 9999 99.9 9999 99.9 9999 99.9
