X 74335 N107715 W1197207110302131  446870001311075 3  11          +0016716B020104                12    01510   51490   81290  121050  17 710  18 650  22 610  25 520  30 490  48 430  88 400 136 380
X 74329 N107715 W1197207110412131  446870002311075 3  11          +0016616B020104                11    01460   51420   81120  10 610  13 540  14 500  20 460  26 390  59 390 180 400 187 390
X 74323 N107715 W1197207110427131  446870003311075 3  11          +0016616B020104                10    01590   41500   81250  12 580  15 490  20 410  82 400 121 400 166 400 194 400
X 74318 N107715 W1197207110630131  446870004311075 3  11          +0016616B020104                 9    01830   31800   61700   91660  111400  13 930  23 600  25 540  27 550
X 74318 N107656 W1197207110803131  446870005311075 3  11          +0016516B020104                 8    01700   51620  111570  131510  141380  201180  21 920  24 850
X 74325 N107645 W1197207110903131  446870006311075 3  11          +0016616B020104                10    01660   11640   61630  111520  171070  20 650  26 560  35 460  52 410  65 400
X 74329 N107635 W1197207111000131  446870007311075 3  11          +0016616B020104                10    01710   41690   81670  121610  151490  201100  22 790  24 660  35 510  47 490
X 74331 N107637 W1197207111013131  446870008311075 3  11          +0116516B020104                11    01640   21610  121600  141430  161100  21 880  25 730  37 520  44 470  77 420 115 410
X 74332 N107637 W1197207111024131  446870009311075 3  11          +0016716B020104                12    01460   21440   81430  101310  11 930  17 630  21 560  27 520  28 500  63 430 106 400 148 380
X 74336 N107641 W1197207111058131  446870010311075 3  11          +0016616B020104                10    01370   51330   91160  13 640  22 540  30 490  37 480  54 430  94 410 181 380
X 74340 N107644 W1197207111220131  446870011311075 3  11          +0016616B020104                14    01520   51420   61370   81360  111270  131240  161010  18 660  21 570  26 540  41 490  48 460  85 400 135 390
X 74344 N107647 W1197207111303131  446870012311075 3  11          +0116716B020104                12    01620   21590   71580  101430  12 980  17 860  19 740  24 620  33 530  39 480  52 420  90 380
X 74348 N107650 W1197207111400131  446870013311075 3  11          +0116716B020104                 9    01610   61550  111360  15 970  21 830  27 650  36 510  41 430  62 420
X 74350 N107652 W1197207111435131  446870014311075 3  11          +0016616B020104                10    01670   31580  111560  141320  18 990  24 860  29 630  35 450  46 430  57 440
X 74352 N107653 W1197207111505131  446870015311075 3  11          +0016616B020104                10    01690   31580   91520  141120  15 940  22 670  27 590  29 510  38 490  42 470
X 74353 N107654 W1197207111600131  446870016311075 3  11          +0016616B020104                 6    02040   41600  101120  12 780  19 590  21 580
X 74354 N107643 W1197207111715131  446870017311075 3  11          +0116716B020104                11    01630   51510   71450   81190  12 920  14 780  19 720  23 630  25 600  26 500  28 490
X 74359 N107641 W1197207111829131  446870018311075 3  11          +0016616B020104                 9    01600   11620   81550  101540  121110  18 830  26 620  32 540  35 500
X 74401 N107648 W1197207111910131  446870019311075 3  11          +0016716B020104                 9    01660   51670   71660  101560  121490  161220  19 890  28 580  31 570
X 74405 N107636 W1197207112040131  446870020311075 3  11          +0016616B020104                 9    01850   21720   61590  121540  141450  171100  22 920  31 790  35 780
X 74400 N107629 W1197207112155131  446870021311075 3  11          +0016616B020104                 8    01950   31680  111580  141550  20 940  23 760  29 740  31 690
X 74356 N107620 W1197207112240131  446870022311075 3  11          +0016616B020104                10    01950   21700   91670  101640  141610  171540  201150  21 820  23 770  24 750
X 74354 N107617 W1197207112325131  446870023311075 3  11          +0016616B020104                 9    01990   21970   81690  151660  181590  201330  231270  28 610  32 600
X 74348 N107620 W1197207120011131  446870024311075 3  11          +0016616B020104                12    02130   22030   32010   61740  111670  151520  181310  201180  22 880  25 730  26 680  27 680
X 74350 N107631 W1197207120101131  446870025311075 3  11          +0016716B020104                11    02000   21870   61680  101620  141180  17 940  22 880  25 780  28 750  35 720  36 690
X 74343 N107630 W1197207120154131  446870026311075 3  11          +0016616B020104                15    01960   11720   41590   81490  101390  13 910  17 830  24 700  29 650  34 600  36 550  40 530  44 490  49 440  83 420
X 74345 N107615 W1197207120255131  446870027311075 3  11          +0116716B020104                 7    02110   31810   71750  111730  191310  201140  211110
X 74340 N107614 W1197207120337131  446870028311075 3  11          +0116616B020104                10    02120   22070   31830   71680  171570  191500  211110  221020  24 820  25 820
X 74340 N107623 W1197207120425131  446870029311075 3  11          +0016616B020104                10    01700   71590   91550  11 860  12 760  17 670  21 490  28 450  75 410  80 410
X 74333 N107618 W1197207120526131  446870030311075 3  11          +0016616B020104                 9    01890   11870   41850  101800  121730  161690  18 930  22 670  24 670
X 74332 N107627 W1197207120627131  446870031311075 3  11          +0016616B020104                12    01900   31820   41700  111610  171110  19 910  21 810  27 710  33 670  36 640  41 610  47 500
X 74328 N107634 W1197207120703131  446870032311075 3  11          +0016616B020104                11    01740   41710   51750   71740   81700  101700  151610  171450  19 910  21 720  25 700
X 74325 N107658 W1197207120837131  446870033311075 3  11          -0116516B020104                11    01690   41480   81290  10 960  14 740  27 520  39 460  93 420 140 410 176 390 178 390
X 74329 N107659 W1197207120924131  446870034311075 3  11          +0016516 020104                10    01470   21380   51200   8 860  12 610  19 520  39 460  89 420 168 400 200 400
X 74334 N107659 W1197207121032131  446870035311075 3  11          +0016616B020104                 9    01630   31360   71190  11 670  19 470  31 420  59 400 124 400 178 380
X 74340 N107701 W1197207121110131  446870036311075 3  11          +0016616B020104                14    01620   51460   71400   81340  101380  12 810  15 680  22 580  28 530  37 480  54 430  69 400  91 400 114 390
X 74348 N107702 W1197207121231131  446870037311075 3  11          +0016616B020104                11    01780   31690   61580  101500  17 790  23 730  27 610  29 520  37 490  42 450  54 440
X 74349 N107715 W1197207121338131  446870038311075 3  11          +0016616B020104                 6    01890   31600   6 890   9 580  13 520  21 510
X 74348 N107730 W1197207121517131  446870039311075 3  11          +0016716B020104                12    01790   21770   41600  111540  161190  17 910  21 820  25 740  35 600  45 540  50 480  55 470
X 74341 N107730 W1197207121637131  446870040311075 3  11          +0016616B020104                 9    01740   21720   31720   91010  15 750  18 680  24 590  35 410  80 400
X 74335 N107730 W1197207121731131  446870041311075 3  11          -0116616B020104                11    01700   21650   41540   61410   8 940  11 640  17 500  21 450  36 430 106 400 147 390
X 74329 N107730 W1197207121810131  446870042311075 3  11          +0016716B020104                10    01560   21310   41280   6 710  10 540  15 470  18 450  19 440  74 400 166 390
X 74322 N107730 W1197207121913131  446870043311075 3  11          -0116616B020104                13    01760   21730   31440   4 910   61230   71210  10 790  14 650  26 540  32 510  65 430 120 400 129 400
X 74316 N107730 W1197207121957131  446870044311075 3  11          +0016716B020104                 5    01770  101610  131480  181410  191410
X 74323 N107759 W1197207122222131  446870045311075 3  11          +0016616B020104                 9    01910   21760   61670  111660  141530  171160  20 900  22 780  24 750
X 74323 N107812 W1197207122333131  446870046311075 3  11          +0016616B020104                 8    02020   41790  101680  131650  161450  201020  22 870  27 740
X 74323 N107830 W1197207130120131  446870047311075 3  11          +0016616B020104                10    02060   41870   71720  101640  17 990  21 830  27 720  31 580  36 480  37 470
X 74322 N107844 W1197207130230131  446870048311075 3  11          +0016716B020104                 8    02100   42060   81730  131510  19 910  22 830  28 650  30 620
X 74331 N107846 W1197207130346131  446870049311075 3  11          +0016616B020104                12    01860   61650  101500  13 870  17 740  20 640  32 510  44 470  62 410  91 400 111 400 145 390
X 74339 N107848 W1197207130441131  446870050311075 3  11          +0016616B020104                11    01800   61730  101630  15 880  19 740  23 660  38 470  44 420  67 410 110 390 115 390
X 74346 N107907 W1197207130618131  446870051311075 3  11          +0016716B020104                 9    01370   21230   41190   6 950  12 810  18 720  21 690  23 660  24 660
X 74336 N107921 W1197207130755131  446870052311075 3  11          -0116716B020104                 9    01920   31060   7 770  12 690  20 650  27 570  36 460  47 400  72 400
X 74325 N107917 W1197207130910131  446870053311075 3  11          +0016616B020104                10    01790   31610   61190  11 930  13 690  19 610  37 480  54 440  77 400 116 390
X 74313 N107925 W1197207131040131  446870054311075 3  11          +0016616B020104                 6    01890   41210   81020  14 820  17 730  19 690
X 74316 N107938 W1197207131146131  446870055311075 3  11          +0116616B020104                 7    01750   81720  101580  11 870  15 730  19 670  22 670
X 74323 N107941 W1197207131254131  446870056311075 3  11          +0016616B020104                 9    01300   31240   41050   7 990  12 890  15 790  18 670  28 540  37 500
X 74332 N107933 W1197207131520131  446870057311075 3  11          +0016616B020104                 6    01710   21670   41210  12 830  17 720  18 650
X 74322 N107929 W1197207131641131  446870058311075 3  11          +0016616B020104                11    01940   21890   61230  10 780  13 690  18 610  53 490  61 460  75 420  85 410  88 390
X 74316 N107913 W1197207131804131  446870059311075 3  11          +0016616B020104                 8    01700   21680   31550   61550  101470  121140  16 860  24 690
X 74317 N107900 W1197207131925131  446870060311075 3  11          +0016616B020104                 7    02110   12110   52050   71980   91910  121410  141370
X 74324 N107901 W1197207132030131  446870061311075 3  11          +0016616B020104                16    02070   22000   61970   91790  131680  18 950  22 680  34 540  41 500  43 470  47 450  50 400  60 410  77 410  88 410 100 400
X 74333 N107904 W1197207132132131  446870062311075 3  11          +0016716B020104                11    01860   31790   51840  101770  121110  14 760  17 680  32 520  52 430 101 400 131 390
X 74350 N107851 W1197207132329131  446870063311075 3  11          +0016716B020104                 9    01300   11310   41250   61160   7 890   9 790  13 730  17 660  19 660
X 74353 N107830 W1197207140107131  446870064311075 3  11          +0016616B020104                 5    01200   3 940  12 830  17 780  21 710
X 74345 N107830 W1197207140211131  446870065311075 3  11          +0016616B020104                10    01850   71750  101050  16 830  22 690  28 550  33 480  38 430  46 420  87 400
X 74332 N107830 W1197207140346131  446870066311075 3  11          +0016616B020104                10    01900   51890  101330  13 740  16 570  19 520  27 480  41 430 110 400 161 390
X 74332 N107813 W1197207140526131  446870067311075 3  11          +0016616B020104                 9    01700   61110   7 920   8 960  10 780  14 430  97 410 152 400 165 390
X 74346 N107814 W1197207140656131  446870068311075 3  11          +0016716B020104                14    01830   51810   61760   71560   91320  10 890  13 730  17 660  26 590  33 490  41 430  46 420  47 400  98 390
X 74355 N107814 W1197207140815131  446870069311075 3  11          +0016616B020104                 8    01240   31400   41340   5 960   8 880  18 740  25 720  29 660
X 74335 N107801 W1197207141145131  446870070311075 3  11          -0216616B020104                10    01730   31730   61320   7 780  11 570  17 450  20 430 106 400 139 410 179 390
X 74335 N107801 W1197207141202131  446870071311075 3  11          -0216516B020104                10    01850   21590   51530   8 720  11 590  15 480  19 440  61 420 155 400 177 390
X 74331 N107800 W1197207141355131  446870072311075 3  11          -0216616B020104                12    01890   51550   71240  13 760  16 650  19 520  25 450  35 430  44 420  93 400 156 400 167 390
