0.0825525955
0.1765657891
0.2055733729
0.2398680187
0.2689324856
0.2895048291
0.3018928382
0.3024763316
0.2851149203
0.2522697959
0.2194580131
0.2028039629
0.2036869093
0.2102567769
0.2136269653
0.2189896653
0.2394002496
0.2784650941
0.3205324965
0.3439379934
0.3469019280
0.3508696015
0.3704461167
0.3923070378
0.3969595450
0.3887946486
0.3970322845
0.4860642175
0.7971447727
1.5098769006
2.6309894091
3.7940928007
4.3967141232
4.0667398851
2.9995618531
1.7875541730
0.9305803296
0.5395862004
0.4458792886
0.4663164743
0.5202215647
0.5793231493
0.6099986909
0.5837580823
0.5049253967
0.4049534147
0.3164709187
0.2574191964
0.2303850553
0.2284391716
0.2434697993
0.2725724456
0.3137299899
0.3530294693
0.3638755949
0.3304755615
0.2722598019
0.2333942458
0.2416557777
0.2833731625
0.3225758285
0.3373298021
0.3321827853
0.3237593595
0.3239547200
0.3329832713
0.3394932437
0.3280880209
0.2924174272
0.2406858460
0.1875139276
0.1457177646
0.1269398821
0.1390220864
0.1744964098
0.2099738088
0.2275428634
0.2322005979
0.2389093631
0.2477659807
0.2451989693
0.2298273545
0.2233080477
0.2464890773
0.2899921068
0.3185777597
0.3075593440
0.2696692796
0.2416901674
0.2480184566
0.2828247812
0.3251340786
0.3625916958
0.3980939759
0.4386172044
0.4801620835
0.5021742559
0.4806539472
0.4139971929
0.3340419205
0.2828699663
0.2776973981
0.3040562140
0.3399973604
0.3756068448
0.4076178881
0.4273896799
0.4235446443
0.3936738157
0.3478302276
0.3004044109
0.2610836989
0.2336482591
0.2197215537
0.2188374420
0.2246459706
0.2269731421
0.2215483219
0.2143971168
0.2150682265
0.2324434295
0.2802316960
0.3744741643
0.5125664908
0.6592954231
0.7673194483
0.8150779568
0.8202431678
0.4082874918
