0.0803175835
0.1730639559
0.2032015449
0.2377105064
0.2700025037
0.3010212481
0.3293563522
0.3457167572
0.3387484749
0.3054272999
0.2563748487
0.2115552834
0.1882576224
0.1898913252
0.2058405273
0.2233614234
0.2397562423
0.2627307997
0.3006927735
0.3549714086
0.4190119285
0.4783997062
0.5113597565
0.5010051092
0.4562472636
0.4139050598
0.4182281750
0.5256932853
0.8490617448
1.5379102043
2.6032379705
3.7269674223
4.3516774735
4.0921512029
3.0836922533
1.8763097534
0.9810009509
0.5460608088
0.4243182460
0.4296733200
0.4716053832
0.5198336450
0.5473984284
0.5324768468
0.4765493905
0.3984560871
0.3193413919
0.2572961839
0.2259604376
0.2304659273
0.2653077336
0.3168669532
0.3665010575
0.3928049287
0.3784808234
0.3239246232
0.2554048482
0.2118189868
0.2159273459
0.2583335531
0.3091809026
0.3405382611
0.3391595235
0.3104266814
0.2769112789
0.2635575030
0.2742461154
0.2862191385
0.2727931390
0.2283091632
0.1698808659
0.1227657711
0.1068539548
0.1270340796
0.1679805088
0.2029105105
0.2155359293
0.2136835257
0.2177699790
0.2363679654
0.2571775762
0.2640593289
0.2587898094
0.2585955110
0.2719209690
0.2867524726
0.2890535503
0.2836673888
0.2865846987
0.3021792860
0.3194942316
0.3290869149
0.3348795308
0.3506026675
0.3890387226
0.4486017932
0.5035796847
0.5153587148
0.4655607825
0.3777184023
0.2997756646
0.2664620241
0.2811592551
0.3261357055
0.3791295611
0.4206562697
0.4363952268
0.4218676354
0.3862705519
0.3471900788
0.3164543278
0.2914769272
0.2645636512
0.2388883457
0.2268952986
0.2315418104
0.2390639086
0.2357376586
0.2239010394
0.2157998456
0.2207329790
0.2471683011
0.3086499734
0.4116453078
0.5363815763
0.6422514045
0.6999441055
0.7149441122
0.3574341728
