0.0000000000
0.0245436926
0.0490873852
0.0736310778
0.0981747704
0.1227184630
0.1472621556
0.1718058482
0.1963495408
0.2208932335
0.2454369261
0.2699806187
0.2945243113
0.3190680039
0.3436116965
0.3681553891
0.3926990817
0.4172427743
0.4417864669
0.4663301595
0.4908738521
0.5154175447
0.5399612373
0.5645049299
0.5890486225
0.6135923152
0.6381360078
0.6626797004
0.6872233930
0.7117670856
0.7363107782
0.7608544708
0.7853981634
0.8099418560
0.8344855486
0.8590292412
0.8835729338
0.9081166264
0.9326603190
0.9572040116
0.9817477042
1.0062913969
1.0308350895
1.0553787821
1.0799224747
1.1044661673
1.1290098599
1.1535535525
1.1780972451
1.2026409377
1.2271846303
1.2517283229
1.2762720155
1.3008157081
1.3253594007
1.3499030933
1.3744467859
1.3989904786
1.4235341712
1.4480778638
1.4726215564
1.4971652490
1.5217089416
1.5462526342
1.5707963268
1.5953400194
1.6198837120
1.6444274046
1.6689710972
1.6935147898
1.7180584824
1.7426021750
1.7671458676
1.7916895603
1.8162332529
1.8407769455
1.8653206381
1.8898643307
1.9144080233
1.9389517159
1.9634954085
1.9880391011
2.0125827937
2.0371264863
2.0616701789
2.0862138715
2.1107575641
2.1353012567
2.1598449493
2.1843886419
2.2089323346
2.2334760272
2.2580197198
2.2825634124
2.3071071050
2.3316507976
2.3561944902
2.3807381828
2.4052818754
2.4298255680
2.4543692606
2.4789129532
2.5034566458
2.5280003384
2.5525440310
2.5770877236
2.6016314163
2.6261751089
2.6507188015
2.6752624941
2.6998061867
2.7243498793
2.7488935719
2.7734372645
2.7979809571
2.8225246497
2.8470683423
2.8716120349
2.8961557275
2.9206994201
2.9452431127
2.9697868053
2.9943304980
3.0188741906
3.0434178832
3.0679615758
3.0925052684
3.1170489610
3.1415926536
