1.5376671395
2.5409917958
-2.2588468610
0.1550665392
-0.6812347601
-2.0147950775
-0.4335920223
1.0497312477
4.5783969397
3.4765438111
-1.3498869402
2.3278166851
-0.2745957751
-0.7701616544
0.7147429038
0.5021407229
0.8758556518
2.1968043890
1.4090344898
0.7100856322
-0.3285028664
-1.9145937039
0.7172386513
2.3373420704
1.4888937703
1.7417997911
0.7268851334
-1.0105477060
-0.7061285329
-1.4943895849
0.8883956318
-0.4399633258
-0.0688704582
-0.1023919132
-2.9442841620
0.7312735116
-0.6748094605
-1.4620351004
1.3702985401
-1.0044096377
0.8977575539
0.4656597396
0.3192067392
-0.3942481845
-1.8648799173
-0.7371580774
-0.1648790192
1.3348140687
2.0932656690
1.8163800788
-0.8636528220
-0.6297476901
-2.2141170436
-1.8206075227
-0.0068493281
2.2397370895
0.2303340862
1.0784855939
-0.2255844023
0.4102493576
-2.0890642951
-0.6745493170
0.5525270211
1.8077169991
2.5442118955
0.7930379144
-1.4915903106
-1.4494086184
-2.0615817333
1.6433504428
-0.6156018815
1.4551835649
0.8075814894
1.5957172066
-0.7648492366
-2.1093757505
-2.4223759251
-0.2189128713
-0.1773751566
0.5110532934
2.4193101506
0.9986911552
0.1978110535
0.8805923088
-1.8044659563
-0.0104823653
0.8350881651
0.4633916408
1.2156700864
-0.4587371503
-1.1479527789
-0.6022320652
-0.2777459678
1.8783844714
-0.6668906707
0.8944378058
0.9175055746
-1.2259161367
-0.4389661539
-2.5017856226
-0.1596244702
-1.5951388635
0.1000928331
0.1625778512
1.3035207946
0.1067802191
0.4899653212
0.0322563424
0.7118877830
-0.9012303169
-2.1383552694
-0.1324819662
2.3545943280
-0.3650485072
0.9609538697
-0.5830569812
0.4366966227
-2.6680067806
-0.1976982260
-0.5007387041
3.9080080307
1.5323256754
1.3789719779
-1.7652870392
-1.4686155811
-0.9795761904
1.0984246179
0.4292348484
1.7015414582
-1.3447095187
-0.3538499978
-1.5306933063
-2.5770570228
-0.1991321303
0.2819840637
0.7405866634
-0.3336779434
1.8345990595
0.3501794106
-1.0061728115
-0.9771102072
-0.9691022162
-1.7502123684
0.4214558096
0.1686334884
-0.2720995240
-1.1564016557
-1.2406638905
-3.0026357359
0.2571226414
0.5200601015
0.6870789295
0.9652289140
-0.0910568034
1.0186852821
-0.8403242607
-1.7145301638
0.6442789872
-0.2247710561
0.1180777505
0.7062464023
-0.1408194625
-1.1201283012
1.8188929109
0.6554975929
-0.3995716219
-1.2571183594
-0.1583612494
0.8234658858
1.4985228428
-1.3320044213
-3.0369739370
-2.4490972928
-0.3735959481
0.3913536044
1.1587862001
0.8697153469
0.8907958770
-0.4761530166
0.1549148304
-2.3616944709
-0.2520772247
-0.8487093799
0.3722198422
1.5527833459
1.7461974347
-1.1176386833
0.5535519279
-0.3398568590
-0.7749723347
-0.1952211979
0.4895004310
0.6968923786
0.7301524056
0.0512903558
0.1189560090
0.5269766867
-0.2401923455
-0.2097133384
1.3322971383
1.1832272630
-0.3226607624
0.9492218311
-0.4000448620
-0.8648250579
-0.1918604457
0.2614063241
-0.2343789898
0.8376623272
0.5610521469
-0.5320113768
0.9749968135
-1.8757293462
-1.1909218313
-0.7120045490
-0.4671055503
0.8077604825
0.4330365513
1.5300725144
-0.9561315237
-2.0642134129
0.8963505169
1.2346791469
0.4774803302
-0.5061597040
0.2624789647
-0.1559410357
-0.4310385273
-1.2611636458
-0.2636848683
0.3918942094
-0.5435721256
0.0520390777
-0.0339993128
-0.5078175503
-1.0276822878
-0.9875309586
-3.7362841226
-0.4570146409
1.9495551876
-0.0667013990
1.6408349439
0.3503210014
-0.7361125449
-0.8175478325
-2.2721627953
-0.0845394798
2.3110531318
1.0983477746
0.7484803947
-0.7341691127
-0.7379205112
-0.7676529874
-0.2807192238
-0.3728087417
0.4706521974
3.0236908866
-1.5512471893
2.2294456805
-0.3695430806
0.0000608196
-2.3712712562
-0.5900345642
0.4290426174
1.4227156912
-0.9630939167
0.4716343264
-1.9199539809
-0.9338099516
-0.0547508925
0.3270599672
1.7897402854
2.0060771108
0.0561990446
0.2570561574
-1.6514845876
-2.3217885214
0.2177191523
0.0000498491
0.6521878666
1.9111272657
1.3016904786
0.3502011739
0.5431444471
-0.0702105414
-0.4673435241
-0.6903611031
0.0555531394
2.1921018705
-0.9047236075
-0.0244619366
-2.6559539581
0.0204980145
0.1546095212
0.0011620835
0.6362695680
-1.4862839207
1.2882791039
-2.1924349200
-3.0263870878
-0.9200662897
-1.6555877648
0.4114906214
1.3840845869
1.8577325452
0.0159476558
0.4493776232
-0.6064734309
-0.1739300015
-0.1709497013
0.8978884260
0.5751689133
0.8527985438
1.7148801865
-2.1236554624
-1.2116931867
-2.2705944498
-1.0896915839
0.6486792620
1.5328339304

